particiones, 1, 2, 3, 4, 5, 6, 7, 8, 9, 10, 11, 12
Partición 1-1,95.7747,94.0351,90.0000,0.1665,69.4444,61.6667,92.2222,0.7803,67.1875,59.2784,98.5612,1.4536
Partición 1-2,95.7895,92.9577,86.6667,0.2100,68.3333,61.6667,92.2222,0.7862,73.1959,73.4375,98.2014,1.8059
Partición 2-1,96.4789,94.3860,90.0000,0.1635,75.5556,69.4444,92.2222,0.7901,65.6250,64.9485,99.6403,0.5040
Partición 2-2,93.6842,92.6056,90.0000,0.1632,71.1111,70.0000,91.1111,0.9099,62.8866,63.5417,99.6403,0.5057
Partición 3-1,95.4225,95.4386,90.0000,0.1494,75.0000,66.6667,92.2222,0.7957,63.5417,62.3711,99.6403,0.5035
Partición 3-2,95.7895,92.9577,90.0000,0.1489,69.4444,68.8889,92.2222,0.7865,59.2784,61.4583,99.2806,0.8100
Partición 4-1,97.8873,90.8772,90.0000,0.1521,77.2222,71.1111,90.0000,1.0912,59.3750,58.2474,98.9209,1.1211
Partición 4-2,94.3860,96.1268,83.3333,0.2343,71.1111,73.8889,88.8889,1.1354,63.4021,63.5417,99.6403,0.5040
Partición 5-1,96.4789,95.0877,86.6667,0.1910,73.8889,67.2222,91.1111,0.8989,74.4792,68.5567,98.5612,1.4726
Partición 5-2,95.7895,91.9014,86.6667,0.1910,67.7778,69.4444,91.1111,0.8967,69.5876,63.5417,97.8417,2.1595
Medias,95.7481,93.6374,88.3333,0.1770,71.8889,68.0000,91.3333,0.8871,65.8559,63.8923,98.9928,1.0840
