particiones, 1, 2, 3, 4, 5, 6, 7, 8, 9, 10, 11, 12
Partición 1-1,97.8873,95.4386,83.3333,0.2478,81.1111,67.7778,91.1111,0.8719,72.9167,70.1031,98.9209,1.0820
Partición 1-2,97.5439,93.3099,80.0000,0.2678,75.0000,67.7778,93.3333,0.6590,74.2268,63.0208,99.2806,0.7904
Partición 2-1,96.4789,95.0877,90.0000,0.1428,81.1111,71.6667,88.8889,1.1028,82.8125,72.6804,96.7626,3.2037
Partición 2-2,98.2456,96.8310,83.3333,0.2249,77.2222,72.7778,92.2222,0.7631,79.8969,64.0625,97.8417,2.1088
Partición 3-1,98.2394,95.0877,80.0000,0.2659,74.4444,75.5556,90.0000,0.9847,79.6875,74.7423,97.1223,2.8345
Partición 3-2,96.8421,90.8451,90.0000,0.1427,78.3333,77.2222,84.4444,1.5846,76.2887,68.7500,98.5612,1.4233
Partición 4-1,96.8310,94.0351,83.3333,0.2251,76.1111,70.0000,92.2222,0.7622,75.5208,67.5258,97.1223,2.8065
Partición 4-2,97.5439,95.7746,80.0000,0.2660,78.8889,75.0000,86.6667,1.3381,84.5361,74.4792,96.0432,4.0139
Partición 5-1,97.8873,95.0877,80.0000,0.2657,73.3333,68.3333,91.1111,0.8752,83.3333,68.5567,97.4820,2.4603
Partición 5-2,98.5965,94.7183,83.3333,0.2252,80.5556,73.3333,88.8889,1.1004,76.8041,68.2292,97.8417,2.1069
Medias,97.6096,94.6216,83.3333,0.2274,77.6111,71.9444,89.8889,1.0042,78.6023,69.2150,97.6978,2.2830
